
0.684341
0.008877
0.009056
0.009960
0.010387
0.010262
0.010197
0.009510
0.009121
0.008720
0.007866
0.007042
0.006748
0.006210
0.005547
0.005352
0.005226
0.004757
0.004581
0.004734
0.004345
0.004528
0.005150
0.004738
0.004673
0.004517
0.004539
0.004715
0.004227
0.003624
0.003506
0.003128
0.003014
0.002598
0.002388
0.002361
0.002445
0.002636
0.002468
0.002533
0.002769
0.003109
0.003147
0.003479
0.003532
0.003876
0.003342
0.003357
0.003403
0.003143
0.003216
0.003471
0.003235
0.003311
0.003452
0.003765
0.003613
0.004070
0.004211
0.003937
0.003571
0.003998
0.003582
0.003105
0.002628
0.002144
0.001915
0.001446
0.001446
0.001179
0.000832
0.000908
0.000786
0.000668
0.000454
0.000298
0.000263
0.000210
0.000210
0.000084
0.000076
0.000031
0.000027
0.000023
0.000031
0.000004
0.000000
0.000000
0.000004
0.000000
0.000000
0.000000
0.000008
0.000000
0.000004
0.000004
0.000000
0.000000
0.000000
0.000000
0.000000
0.000000
0.000000
0.000000
0.000000
0.000000
0.000000
0.000000
0.000000
0.000000
0.000000
0.000000
0.000000
0.000000
0.000000
0.000000
0.000000
0.000000
0.000000
0.000000
0.000000
0.000000
0.000000
0.000000
0.000000
0.000000
0.000000
0.000000
0.000000
0.000000
0.000000
0.000000
0.000000
0.000000
0.000000
0.000000
0.000000
0.000000
0.000000
0.000000
0.000000
0.000000
0.000000
0.000000
0.000000
0.000000
0.000000
0.000000
0.000000
0.000000
0.000000
0.000000
0.000000
0.000000
0.000000
0.000000
0.000000
0.000000
0.000000
0.000000
0.000000
0.000000
0.000000
0.000000
0.000000
0.000000
0.000000
0.000000
0.000000
0.000000
0.000000
0.000000
0.000000
0.000000
0.000000
0.000000
0.000000
0.000000
0.000000
0.000000
0.000000
0.000000
0.000000
0.000000
0.000000
0.000000
0.000000
0.000000
0.000000
0.000000
0.000000
0.000000
0.000000
0.000000
0.000000
0.000000
0.000000
0.000000
0.000000
0.000000
0.000000
0.000000
0.000000
0.000000
0.000000
0.000000
0.000000
0.000000
0.000000
0.000000
0.000000
0.000000
0.000000
0.000000
0.000000
0.000000
0.000000
0.000000
0.000000
0.000000
0.000000
0.000000
0.000000
0.000000
0.000000
0.000000
0.000000
0.000000
0.000000
0.000000
0.000000
0.000000
0.000000
0.000000
0.000000
0.000000
0.000000
0.000000
0.000000
0.000000
0.000000
0.000000
0.000000
0.000000
0.000000
0.000000
0.000000
0.000000
0.000000
0.000000
0.000000
0.000000
0.000000
0.000000
0.000000